19202103362	Habiba_akter 8 10 10 25 35
19202103363	Arnob 5 4 8 22 32
19202103364	Susmoy 6 10 8 10 23
19202103365	Rasidul 4 8 5 25 32
19202103366	Sagor 7 7 8 23 27
19202103367	Muntasir 8 6 8 25 38
19202103369	Anika 5 7 9 20 23
19202103370	Tasnim 5 10 8 20 12
19202103371	MOSADDIK 6 6 7 23 22
19202103372	Medha 5 6 8 19 23
19202103202	Rashed 8 8 4 12 23
19202103203	Zafrin 8 8 3 20 32
19202103204	Mollah 5 6 8 23 35
19202103205	Sumi 5 10 7 8 23
19202103207	Anika 4 6 7 27 20
19202103208	Golam 7 8 7 20 25
19202103209	Eyamin 2 7 7 23 34
